0.000000000000000000e+00
-4.195012815349361404e+02
-8.051689927673943430e+02
-1.150865829533114265e+03
-1.466204049709879882e+03
-1.743293282703711611e+03
-2.002176136455368351e+03
-2.233169269995285049e+03
-2.441475450815509248e+03
-2.634029952122449686e+03
-2.806239895577926291e+03
-2.958878231680244426e+03
-3.099263300495868862e+03
-3.226464350734602249e+03
-3.342729149727384083e+03
-3.447356746553475205e+03
-3.541932451521438907e+03
-3.626134173247130093e+03
-3.704495188414461609e+03
-3.775181507685560064e+03
-3.839486224458979450e+03
-3.895457459819925134e+03
-3.947365341216584966e+03
-3.993788035833262256e+03
-4.035769446188854999e+03
-4.074834409122223860e+03
-4.109360015656564428e+03
-4.140400317467883724e+03
-4.168680685663939585e+03
-4.194359417008197852e+03
-4.217725245253122921e+03
-4.238819792532266547e+03
-4.258139077867617743e+03
-4.275355151052368456e+03
-4.290453016421854045e+03
-4.304690242769484030e+03
-4.317352986542167855e+03
-4.329030449718985437e+03
-4.339346062240570973e+03
-4.348764984161855864e+03
-4.357376481326443354e+03
-4.365149569018872171e+03
-4.372166971215829108e+03
-4.378574131310272605e+03
-4.384385033175650278e+03
-4.389706387809231273e+03
-4.394444214158109389e+03
-4.398783311980098006e+03
-4.402668818668733365e+03
-4.406165715882503719e+03
-4.409328489378045560e+03
-4.412193295886397209e+03
-4.414768049502519716e+03
-4.417117125475190733e+03
-4.419236080258827315e+03
-4.421152551895665056e+03
-4.422878508670325573e+03
-4.424449438920544708e+03
-4.425865086211075322e+03
-4.427164164754755802e+03
-4.428316290574585764e+03
-4.429348329033273330e+03
-4.430299532089844433e+03
-4.431170041076838970e+03
-4.431956258596788757e+03
-4.432663796475628260e+03
-4.433305571843416146e+03
-4.433888088118125779e+03
-4.434408015092248206e+03
-4.434872517482149306e+03
-4.435298328025769479e+03
-4.435682940258356211e+03
-4.436026787859804244e+03
-4.436346551239282235e+03
-4.436631270770481024e+03
-4.436885330628208976e+03
-4.437114099123601591e+03
-4.437331230659587163e+03
-4.437528375546762618e+03
-4.437700806965717675e+03
