-1.496023931092659041e+03
-1.496199190117017679e+03
-1.496371785855204280e+03
-1.496541718836482687e+03
-1.496708992883829069e+03
-1.496873607663206030e+03
-1.497035567935162135e+03
-1.497194876011730685e+03
-1.497351535353080408e+03
-1.497505549954269327e+03
-1.497656924205803762e+03
-1.497805663104738869e+03
-1.497951772553206638e+03
-1.498095258834396191e+03
-1.498236129134445946e+03
-1.498374393547051795e+03
-1.498510054423032898e+03
-1.498643127956704348e+03
-1.498773622742367934e+03
-1.498901550532224519e+03
-1.499026923918097737e+03
-1.499149756955774592e+03
-1.499270064688135108e+03
-1.499387863406147062e+03
-1.499503170331669935e+03
-1.499616004610589016e+03
-1.499726386061678568e+03
-1.499834337053234094e+03
-1.499939876954994816e+03
-1.500043032904594611e+03
-1.500143828918777899e+03
-1.500242291449340200e+03
-1.500338447843523909e+03
-1.500432327098466658e+03
-1.500523959039493775e+03
-1.500613374699441692e+03
-1.500700605935110616e+03
-1.500785685681109499e+03
-1.500868647766751337e+03
-1.500949526471997842e+03
-1.501028357132495785e+03
-1.501105175375872705e+03
-1.501180017695688548e+03
-1.501252920665361444e+03
-1.501323919372111277e+03
-1.501393052413410942e+03
-1.501460356569510395e+03
-1.501525868443185573e+03
-1.501589624691767312e+03
-1.501651661619000606e+03
-1.501712013726581063e+03
-1.501770718191305150e+03
-1.501827808086311052e+03
-1.501883317221681182e+03
-1.501937278796916189e+03
-1.501989724349532025e+03
-1.502040684511291147e+03
-1.502090187177802818e+03
-1.502138261662863897e+03
-1.502184933113133411e+03
-1.502230226253241426e+03
-1.502274163876240209e+03
-1.502316766673847042e+03
-1.502358052085648069e+03
-1.502398037332759714e+03
-1.502436735635265222e+03
-1.502474158174380818e+03
-1.502510312989466911e+03
-1.502545205022011714e+03
-1.502578836160161700e+03
-1.502611204267714356e+03
-1.502642304171848991e+03
-1.502672124585238635e+03
-1.502700652225929389e+03
-1.502727867514312493e+03
-1.502753746020947801e+03
-1.502778256696110020e+03
-1.502801364330110573e+03
-1.502823024235615776e+03
-1.502843187953767938e+03
-1.502861797335243182e+03
-1.502878786029693174e+03
-1.502894080118237753e+03
-1.502907596125768578e+03
-1.502919239399366461e+03
-1.502928907570475758e+03
-1.502936486749487358e+03
-1.502941850797416691e+03
-1.502944864420966496e+03
-1.502945388213103342e+03
