-1.273701361988437384e+03
-1.422377370460404791e+03
-1.485423233269236789e+03
-1.535368112770677044e+03
-1.578193874013859386e+03
-1.615879454603565364e+03
-1.651025134625605460e+03
-1.683693295410039354e+03
-1.714588299339537343e+03
-1.773188489335364466e+03
-1.827087280095121287e+03
-1.877500737044862944e+03
-1.924947824968724490e+03
-1.970096465206513585e+03
-2.014040376887749972e+03
-2.056174923291711366e+03
-2.096322206962174278e+03
-2.135381679242422251e+03
-2.172926988230402003e+03
-2.209375809270428817e+03
-2.244750851510589200e+03
-2.278894123393988139e+03
-2.312600060377043519e+03
-2.345049215102412745e+03
-2.376327562195818246e+03
-2.407546920423955271e+03
-2.437560564621295271e+03
-2.466594062048187425e+03
-2.494953907063188581e+03
-2.523420212655016712e+03
-2.550112942541600205e+03
-2.576340550555100890e+03
-2.601319551858307932e+03
-2.627840677855266222e+03
-2.650322431536932072e+03
-2.673785613171230125e+03
-2.695744507240214261e+03
-2.716091487089739985e+03
-2.735650241988295875e+03
-2.755028824987406097e+03
-2.772265688957410021e+03
-2.788072773197026891e+03
-2.803529889062818256e+03
-2.815250999027707167e+03
