-1.294266006401672939e+03
-1.429724178619586382e+03
-1.486958926587016094e+03
-1.531261496594157052e+03
-1.570305762783862519e+03
-1.605832484675172054e+03
-1.637782937063192549e+03
-1.667876737514688102e+03
-1.695909005415861884e+03
-1.748566889978299514e+03
-1.797798675649314191e+03
-1.842722023673036347e+03
-1.886112232776255951e+03
-1.927917092607211998e+03
-1.967746085038336105e+03
-2.005718371339305349e+03
-2.042703905994918841e+03
-2.077972680719736218e+03
-2.111888205907843258e+03
-2.145369294322572387e+03
-2.177764510442952542e+03
-2.209210351317959066e+03
-2.239547227342968199e+03
-2.268697454083408502e+03
-2.297782155116473405e+03
-2.325816631941102514e+03
-2.353309981108273860e+03
-2.379946560022025551e+03
-2.405631748996809165e+03
-2.430743599984346474e+03
-2.455434314051998626e+03
-2.478919146825021016e+03
-2.502265018342791791e+03
-2.525033842423282294e+03
-2.546757091312689226e+03
-2.567521233129966276e+03
-2.587602820152937056e+03
-2.606222556706697560e+03
-2.624393964884262459e+03
-2.641444996306277062e+03
-2.657700394788281301e+03
-2.671968233546087504e+03
-2.684464342927285543e+03
-2.695147471418090845e+03
