-1.328802558666775667e+03
-1.458868554493225929e+03
-1.513010271332681214e+03
-1.554746392946140531e+03
-1.591192698017412113e+03
-1.624278938462754240e+03
-1.653671206321637101e+03
-1.682950081678240167e+03
-1.709652324390740432e+03
-1.759696511235400749e+03
-1.805208749785850841e+03
-1.848708206118058115e+03
-1.889629437314462166e+03
-1.928863298610827769e+03
-1.965639310561940420e+03
-2.000634963439605826e+03
-2.035186036483224825e+03
-2.069361138065770774e+03
-2.101931795200087890e+03
-2.132679606532929029e+03
-2.163218547215798026e+03
-2.192898883651053893e+03
-2.221429247169865903e+03
-2.249035994060305256e+03
-2.276660071194603916e+03
-2.302982108994248392e+03
-2.328598549124333658e+03
-2.353775975758905588e+03
-2.377789723246985886e+03
-2.401762053777117217e+03
-2.424756154944628179e+03
-2.447248617100027786e+03
-2.469348440949199812e+03
-2.490283097009163612e+03
-2.510639112071941327e+03
-2.530683659922311108e+03
-2.549543517891769170e+03
-2.567693789850320627e+03
-2.584850042478576142e+03
-2.600816148172617886e+03
-2.615635467879825683e+03
-2.628789176526038773e+03
-2.641029229675953957e+03
-2.651968301761768544e+03
